    AK17U010  C2017 10 14.43936 04 49 12.95 -02 29 47.4          19.0 G      703
    AK17U010  C2017 10 17.37391 02 36 45.71 +01 06 17.7          19.5 G      703
    AK17U010  C2017 10 18.47298 01 59 57.442+02 06 04.30         19.8 wLEU183F51
    AK17U010  C2017 10 18.49990 01 59 08.910+02 07 20.19               LEU183F51
    AK17U010  C2017 10 19.39715 01 34 55.362+02 45 03.20         19.9 wLEU183F51
    AK17U010  C2017 10 19.40837 01 34 38.745+02 45 28.24         19.9 wLEU183F51
    AK17U010  C2017 10 19.41968 01 34 21.948+02 45 53.55         20.1 wLEU183F51
    AK17U010  C2017 10 19.43106 01 34 05.174+02 46 18.89         20.1 wLEU183F51
    AK17U010 KC2017 10 19.86072 01 24 07.89 +03 01 07.5         x19.6 RUEU183104
    AK17U010 KC2017 10 19.86492 01 24 02.21 +03 01 16.3          19.8 RUEU183104
    AK17U010 KC2017 10 19.86905 01 23 56.69 +03 01 24.7          20.3 RUEU183104
    AK17U010 KC2017 10 19.94093401 22 22.288+03 03 53.76         20.3 GUEU183J04
    AK17U010 KC2017 10 19.94390101 22 18.372+03 03 59.57         20.1 GUEU183J04
    AK17U010  C2017 10 20.17250 01 17 27.47 +03 11 07.8          19.9 GUEU183I52
    AK17U010  C2017 10 20.17348 01 17 26.22 +03 11 09.6          20.2 GUEU183I52
    AK17U010  C2017 10 20.17448 01 17 24.96 +03 11 11.3          20.2 GUEU183I52
    AK17U010  C2017 10 20.17546 01 17 23.73 +03 11 13.0          20.6 GUEU183I52
    AK17U010 KC2017 10 21.22371 00 57 56.30 +03 39 16.9          20.2 RoEU183291
    AK17U010 KC2017 10 21.22623 00 57 53.76 +03 39 20.5          19.5 RoEU183291
    AK17U010 KC2017 10 21.22877 00 57 51.19 +03 39 24.2          19.6 RoEU183291
    AK17U010  C2017 10 21.37476 00 55 26.71 +03 42 45.0          20.4 RoEU183926
    AK17U010  C2017 10 21.37804 00 55 23.53 +03 42 49.8          20.1 RoEU183926
    AK17U010  C2017 10 21.38132 00 55 20.35 +03 42 53.7          20.4 RoEU183926
    AK17U010 |C2017 10 22.29708 00 41 56.27 +04 01 25.0                vEU183H06
    AK17U010 |C2017 10 22.30118 00 41 52.93 +04 01 29.3                vEU183H06
    AK17U010 |C2017 10 22.30512 00 41 49.76 +04 01 33.5          20.7 wvEU183H06
    AK17U010 1C2017 10 22.46548 00 39 44.84 +04 04 55.4         x       EU183Q62
    AK17U010 1C2017 10 22.47027 00 39 41.16 +04 04 59.9         x       EU183Q62
    AK17U010 1C2017 10 22.47506 00 39 37.39 +04 05 04.8         x19.9 w EU183Q62
    AK17U010 KC2017 10 23.18830 00 31 01.55 +04 16 02.6          20.4 RqEU183734
    AK17U010 KC2017 10 23.19547 00 30 56.65 +04 16 08.7          20.1 RqEU183734
    AK17U010 KC2017 10 23.20264 00 30 51.76 +04 16 14.6          20.4 RqEU183734
    AK17U010  C2017 10 24.23395 00 20 19.64 +04 30 08.4          20.9 GUEU183G96
    AK17U010  C2017 10 24.23917 00 20 16.75 +04 30 12.3                UEU183G96
    AK17U010  C2017 10 24.24438 00 20 13.82 +04 30 15.6          21.0 GUEU183G96
    AK17U010  C2017 10 24.24957 00 20 10.85 +04 30 19.7          20.7 GUEU183G96
    AK17U010  C2017 10 25.19587 00 12 06.02 +04 40 47.9          21.3 RoEU183926
    AK17U010  C2017 10 25.20769 00 12 00.38 +04 40 55.9          21.2 RoEU183926
    AK17U010  C2017 10 25.21951 00 11 54.70 +04 41 02.0          21.4 RoEU183926
    AK17U010 KC2017 10 25.23207000 11 48.73 +04 41 09.4         x20.8 N      V03
    AK17U010  C2017 10 25.24174 00 11 44.09 +04 41 15.9                UEU183G96
    AK17U010  C2017 10 25.24440 00 11 42.76 +04 41 17.8          21.7 GUEU183G96
    AK17U010 KC2017 10 25.24467500 11 42.66 +04 41 15.7                      V03
    AK17U010  C2017 10 25.24719 00 11 41.39 +04 41 20.5         x22.0 GUEU183G96
    AK17U010  C2017 10 25.25007 00 11 39.91 +04 41 23.5         x      UEU183G96
    AK17U010 KC2017 10 25.87692 00 07 01.68 +04 47 16.1          21.1 N      104
    AK17U010 KC2017 10 25.89734 00 06 52.92 +04 47 27.1          21.6 N      104
    AK17U010 KC2017 10 25.90408 00 06 50.03 +04 47 31.0          21.4 N      104
    YU4007A   C2017 10 26.24599 00 04 30.08 +04 50 34.8          21.8 G      V06
    YU4007A   C2017 10 26.24854 00 04 29.03 +04 50 35.2          22.7 G      V06
    YU4007A   C2017 10 26.25110 00 04 28.12 +04 50 36.9         x22.8 G      V06
    YU4007A   C2017 10 26.25365 00 04 27.01 +04 50 38.0          22.1 G      V06
    AK17U010 KC2017 10 26.29574 00 04 10.00 +04 50 59.1         x22.1 R      926
    AK17U010 KC2017 10 26.29945 00 04 08.54 +04 51 01.2          21.9 R      926
    AK17U010 KC2017 10 26.30038 00 04 08.20 +04 51 02.2          22.3 R      926
    AK17U010  C2017 10 26.30912 00 04 04.68 +04 51 06.5          20.7 R      926
    AK17U010 KC2017 10 26.30968 00 04 04.47 +04 51 06.6          22.2 R      926
    AK17U010  C2017 10 26.31285 00 04 03.23 +04 51 08.5          21.4 R      926
    AK17U010  C2017 10 26.31656 00 04 01.73 +04 51 10.3          21.7 R      926
    AK17U010 HC2017 10 26.82093 00 00 52.02 +04 55 12.8                      204
    AK17U010 KC2017 10 26.83310 00 00 47.49 +04 55 18.7          21.4 G      204
    AK17U010 HC2017 10 26.84527 00 00 42.99 +04 55 23.9                      204
    AK17U010 KC2017 10 26.89290100 00 25.32 +04 56 10.6          22.8 G      K93
    AK17U010 KC2017 10 26.89578100 00 24.28 +04 56 12.4          22.2 G      K93
    AK17U010 KC2017 10 26.89674200 00 23.93 +04 56 13.0          21.7 G      K93
    AK17U010 KC2017 10 26.89962500 00 22.85 +04 56 13.8          22.2 G      K93