date                   R.A._(ICRF/J2000.0)_DEC  APmag delta              deldot    S-O-T    /r   S-T-O
2017-Oct-14 00:00     05 10 29.63 -03 01 01.3  20.25 0.16348311088643  -9.4943892 120.5099 /L  52.0556
2017-Oct-14 01:00     05 08 29.81 -02 58 06.5  20.24 0.16326087925070  -8.9756659 121.0439 /L  51.5801
2017-Oct-14 02:00     05 06 29.68 -02 55 10.4  20.22 0.16305115707910  -8.4547245 121.5792 /L  51.1033
2017-Oct-14 03:00     05 04 29.24 -02 52 13.1  20.21 0.16285399641404  -7.9316736 122.1158 /L  50.6252
2017-Oct-14 04:00     05 02 28.53 -02 49 14.5  20.20 0.16266944665472  -7.4066241 122.6535 /L  50.1460
2017-Oct-14 05:00     05 00 27.55 -02 46 14.7  20.18 0.16249755450276  -6.8796894 123.1922 /L  49.6656
2017-Oct-14 06:00     04 58 26.32 -02 43 13.7  20.17 0.16233836391052  -6.3509846 123.7319 /L  49.1842
2017-Oct-14 07:00     04 56 24.87 -02 40 11.6  20.16 0.16219191603210  -5.8206270 124.2726 /L  48.7018
2017-Oct-14 08:00     04 54 23.21 -02 37 08.4  20.14 0.16205824917730  -5.2887357 124.8140 /L  48.2185
2017-Oct-14 09:00     04 52 21.36 -02 34 04.2  20.13 0.16193739876848  -4.7554316 125.3562 /L  47.7345
2017-Oct-14 10:00     04 50 19.34 -02 30 58.9  20.12 0.16182939730063  -4.2208371 125.8991 /L  47.2497
2017-Oct-14 11:00     04 48 17.17 -02 27 52.7  20.10 0.16173427430462  -3.6850761 126.4425 /L  46.7643
2017-Oct-14 12:00     04 46 14.86 -02 24 45.6  20.09 0.16165205631371  -3.1482739 126.9864 /L  46.2783
2017-Oct-14 13:00     04 44 12.44 -02 21 37.5  20.08 0.16158276683359  -2.6105567 127.5308 /L  45.7919
2017-Oct-14 14:00     04 42 09.92 -02 18 28.6  20.07 0.16152642631581  -2.0720521 128.0755 /L  45.3050
2017-Oct-14 15:00     04 40 07.33 -02 15 18.9  20.05 0.16148305213480  -1.5328884 128.6204 /L  44.8179
2017-Oct-14 16:00     04 38 04.68 -02 12 08.5  20.04 0.16145265856855  -0.9931946 129.1655 /L  44.3305
2017-Oct-14 17:00     04 36 02.00 -02 08 57.3  20.03 0.16143525678290  -0.4531002 129.7107 /L  43.8431
2017-Oct-14 18:00     04 33 59.30 -02 05 45.5  20.02 0.16143085481965   0.0872646 130.2559 /L  43.3555
2017-Oct-14 19:00     04 31 56.60 -02 02 33.0  20.01 0.16143945758831   0.6277696 130.8009 /L  42.8680
2017-Oct-14 20:00     04 29 53.92 -01 59 20.0  20.00 0.16146106686172   1.1682843 131.3458 /L  42.3806
2017-Oct-14 21:00     04 27 51.28 -01 56 06.4  19.98 0.16149568127540   1.7086784 131.8904 /L  41.8934
2017-Oct-14 22:00     04 25 48.71 -01 52 52.3  19.97 0.16154329633074   2.2488219 132.4347 /L  41.4066
2017-Oct-14 23:00     04 23 46.22 -01 49 37.8  19.96 0.16160390440190   2.7885848 132.9785 /L  40.9201
2017-Oct-15 00:00     04 21 43.82 -01 46 23.0  19.95 0.16167749474653   3.3278380 133.5218 /L  40.4340
2017-Oct-15 01:00     04 19 41.55 -01 43 07.7  19.94 0.16176405352020   3.8664528 134.0645 /L  39.9485
2017-Oct-15 02:00     04 17 39.41 -01 39 52.2  19.93 0.16186356379450   4.4043016 134.6065 /L  39.4637
2017-Oct-15 03:00     04 15 37.44 -01 36 36.5  19.92 0.16197600557878   4.9412574 135.1477 /L  38.9795
2017-Oct-15 04:00     04 13 35.63 -01 33 20.5  19.91 0.16210135584550   5.4771948 135.6880 /L  38.4962
2017-Oct-15 05:00     04 11 34.03 -01 30 04.4  19.90 0.16223958855900   6.0119893 136.2274 /L  38.0137
2017-Oct-15 06:00     04 09 32.64 -01 26 48.2  19.89 0.16239067470780   6.5455179 136.7657 /L  37.5322
2017-Oct-15 07:00     04 07 31.48 -01 23 31.9  19.88 0.16255458234013   7.0776592 137.3030 /L  37.0518
2017-Oct-15 08:00     04 05 30.57 -01 20 15.7  19.88 0.16273127660279   7.6082935 137.8390 /L  36.5725
2017-Oct-15 09:00     04 03 29.93 -01 16 59.4  19.87 0.16292071978303   8.1373028 138.3738 /L  36.0944
2017-Oct-15 10:00     04 01 29.57 -01 13 43.3  19.86 0.16312287135359   8.6645710 138.9071 /L  35.6176
2017-Oct-15 11:00     03 59 29.52 -01 10 27.3  19.85 0.16333768802049   9.1899843 139.4391 /L  35.1421
2017-Oct-15 12:00     03 57 29.79 -01 07 11.4  19.84 0.16356512377371   9.7134308 139.9695 /L  34.6682
2017-Oct-15 13:00     03 55 30.40 -01 03 55.8  19.83 0.16380512994046  10.2348010 140.4983 /L  34.1957
2017-Oct-15 14:00     03 53 31.36 -01 00 40.5  19.83 0.16405765524091  10.7539877 141.0255 /L  33.7249
2017-Oct-15 15:00     03 51 32.70 -00 57 25.5  19.82 0.16432264584639  11.2708862 141.5509 /L  33.2557
2017-Oct-15 16:00     03 49 34.42 -00 54 10.8  19.81 0.16460004543973  11.7853943 142.0744 /L  32.7882
2017-Oct-15 17:00     03 47 36.54 -00 50 56.5  19.80 0.16488979527769  12.2974125 142.5961 /L  32.3226
2017-Oct-15 18:00     03 45 39.08 -00 47 42.7  19.80 0.16519183425528  12.8068440 143.1158 /L  31.8589
2017-Oct-15 19:00     03 43 42.05 -00 44 29.3  19.79 0.16550609897189  13.3135948 143.6334 /L  31.3972
2017-Oct-15 20:00     03 41 45.47 -00 41 16.5  19.78 0.16583252379902  13.8175736 144.1490 /L  30.9375
2017-Oct-15 21:00     03 39 49.35 -00 38 04.2  19.77 0.16617104094943  14.3186922 144.6623 /L  30.4798
2017-Oct-15 22:00     03 37 53.70 -00 34 52.6  19.77 0.16652158054767  14.8168653 145.1734 /L  30.0244
2017-Oct-15 23:00     03 35 58.54 -00 31 41.5  19.76 0.16688407070160  15.3120105 145.6822 /L  29.5712
2017-Oct-16 00:00     03 34 03.89 -00 28 31.2  19.76 0.16725843757506  15.8040485 146.1886 /L  29.1203
2017-Oct-16 01:00     03 32 09.75 -00 25 21.5  19.75 0.16764460546132  16.2929031 146.6925 /L  28.6717
2017-Oct-16 02:00     03 30 16.13 -00 22 12.7  19.74 0.16804249685713  16.7785012 147.1939 /L  28.2256
2017-Oct-16 03:00     03 28 23.06 -00 19 04.5  19.74 0.16845203253749  17.2607726 147.6928 /L  27.7819
2017-Oct-16 04:00     03 26 30.53 -00 15 57.3  19.73 0.16887313163061  17.7396506 148.1890 /L  27.3408
2017-Oct-16 05:00     03 24 38.57 -00 12 50.8  19.73 0.16930571169321  18.2150714 148.6825 /L  26.9023
2017-Oct-16 06:00     03 22 47.17 -00 09 45.3  19.72 0.16974968878596  18.6869743 149.1732 /L  26.4664
2017-Oct-16 07:00     03 20 56.36 -00 06 40.6  19.72 0.17020497754884  19.1553018 149.6612 /L  26.0333
2017-Oct-16 08:00     03 19 06.14 -00 03 36.9  19.71 0.17067149127635  19.6199995 150.1462 /L  25.6029
2017-Oct-16 09:00     03 17 16.53 -00 00 34.2  19.71 0.17114914199243  20.0810162 150.6284 /L  25.1753
2017-Oct-16 10:00     03 15 27.52 +00 02 27.6  19.70 0.17163784052502  20.5383037 151.1076 /L  24.7506
2017-Oct-16 11:00     03 13 39.13 +00 05 28.3  19.70 0.17213749658004  20.9918168 151.5837 /L  24.3288
2017-Oct-16 12:00     03 11 51.37 +00 08 28.0  19.69 0.17264801881478  21.4415134 152.0567 /L  23.9100
2017-Oct-16 13:00     03 10 04.24 +00 11 26.6  19.69 0.17316931491049  21.8873545 152.5267 /L  23.4942
2017-Oct-16 14:00     03 08 17.76 +00 14 24.1  19.69 0.17370129164423  22.3293039 152.9934 /L  23.0814
2017-Oct-16 15:00     03 06 31.93 +00 17 20.5  19.68 0.17424385495976  22.7673285 153.4569 /L  22.6718
2017-Oct-16 16:00     03 04 46.75 +00 20 15.8  19.68 0.17479691003728  23.2013979 153.9171 /L  22.2653
2017-Oct-16 17:00     03 03 02.23 +00 23 09.9  19.67 0.17536036136229  23.6314847 154.3739 /L  21.8620
2017-Oct-16 18:00     03 01 18.39 +00 26 02.9  19.67 0.17593411279312  24.0575640 154.8274 /L  21.4619
2017-Oct-16 19:00     02 59 35.21 +00 28 54.6  19.67 0.17651806762724  24.4796141 155.2775 /L  21.0652
2017-Oct-16 20:00     02 57 52.72 +00 31 45.2  19.67 0.17711212866627  24.8976155 155.7240 /L  20.6717
2017-Oct-16 21:00     02 56 10.91 +00 34 34.5  19.66 0.17771619827967  25.3115516 156.1671 /L  20.2817
2017-Oct-16 22:00     02 54 29.79 +00 37 22.6  19.66 0.17833017846685  25.7214082 156.6065 /L  19.8950
2017-Oct-16 23:00     02 52 49.36 +00 40 09.4  19.66 0.17895397091801  26.1271738 157.0423 /L  19.5119
2017-Oct-17 00:00     02 51 09.63 +00 42 55.0  19.65 0.17958747707330  26.5288392 157.4745 /L  19.1322
2017-Oct-17 01:00     02 49 30.59 +00 45 39.3  19.65 0.18023059818052  26.9263974 157.9029 /L  18.7560
2017-Oct-17 02:00     02 47 52.26 +00 48 22.3  19.65 0.18088323535119  27.3198439 158.3276 /L  18.3835
2017-Oct-17 03:00     02 46 14.63 +00 51 04.0  19.65 0.18154528961500  27.7091765 158.7484 /L  18.0146
2017-Oct-17 04:00     02 44 37.71 +00 53 44.4  19.64 0.18221666197269  28.0943950 159.1653 /L  17.6493
2017-Oct-17 05:00     02 43 01.50 +00 56 23.5  19.64 0.18289725344721  28.4755014 159.5783 /L  17.2878
2017-Oct-17 06:00     02 41 26.00 +00 59 01.3  19.64 0.18358696513321  28.8524995 159.9874 /L  16.9300
2017-Oct-17 07:00     02 39 51.21 +01 01 37.8  19.64 0.18428569824494  29.2253954 160.3924 /L  16.5761
2017-Oct-17 08:00     02 38 17.14 +01 04 12.9  19.64 0.18499335416240  29.5941969 160.7933 /L  16.2260
2017-Oct-17 09:00     02 36 43.78 +01 06 46.7  19.64 0.18570983447575  29.9589135 161.1900 /L  15.8798
2017-Oct-17 10:00     02 35 11.13 +01 09 19.1  19.63 0.18643504102823  30.3195566 161.5826 /L  15.5375
2017-Oct-17 11:00     02 33 39.20 +01 11 50.2  19.63 0.18716887595722  30.6761393 161.9708 /L  15.1993
2017-Oct-17 12:00     02 32 07.99 +01 14 20.0  19.63 0.18791124173370  31.0286763 162.3547 /L  14.8651
2017-Oct-17 13:00     02 30 37.49 +01 16 48.4  19.63 0.18866204120016  31.3771836 162.7342 /L  14.5350
2017-Oct-17 14:00     02 29 07.70 +01 19 15.4  19.63 0.18942117760666  31.7216790 163.1092 /L  14.2091
2017-Oct-17 15:00     02 27 38.63 +01 21 41.1  19.63 0.19018855464552  32.0621816 163.4796 /L  13.8875
2017-Oct-17 16:00     02 26 10.27 +01 24 05.5  19.63 0.19096407648421  32.3987116 163.8454 /L  13.5702
2017-Oct-17 17:00     02 24 42.62 +01 26 28.5  19.63 0.19174764779673  32.7312909 164.2065 /L  13.2572
2017-Oct-17 18:00     02 23 15.69 +01 28 50.1  19.63 0.19253917379356  33.0599423 164.5627 /L  12.9487
2017-Oct-17 19:00     02 21 49.46 +01 31 10.4  19.63 0.19333856024992  33.3846897 164.9139 /L  12.6447
2017-Oct-17 20:00     02 20 23.94 +01 33 29.4  19.63 0.19414571353254  33.7055584 165.2602 /L  12.3453
2017-Oct-17 21:00     02 18 59.13 +01 35 47.0  19.63 0.19496054062512  34.0225745 165.6012 /L  12.0506
2017-Oct-17 22:00     02 17 35.01 +01 38 03.3  19.63 0.19578294915220  34.3357650 165.9371 /L  11.7607
2017-Oct-17 23:00     02 16 11.60 +01 40 18.3  19.63 0.19661284740167  34.6451580 166.2675 /L  11.4757
2017-Oct-18 00:00     02 14 48.89 +01 42 31.9  19.63 0.19745014434597  34.9507823 166.5924 /L  11.1957
2017-Oct-18 01:00     02 13 26.87 +01 44 44.2  19.63 0.19829474966182  35.2526676 166.9116 /L  10.9208
2017-Oct-18 02:00     02 12 05.55 +01 46 55.2  19.63 0.19914657374879  35.5508443 167.2250 /L  10.6512
2017-Oct-18 03:00     02 10 44.91 +01 49 04.9  19.63 0.20000552774655  35.8453435 167.5324 /L  10.3869
2017-Oct-18 04:00     02 09 24.97 +01 51 13.3  19.63 0.20087152355083  36.1361968 167.8336 /L  10.1281
2017-Oct-18 05:00     02 08 05.70 +01 53 20.3  19.63 0.20174447382828  36.4234368 168.1285 /L   9.8750
2017-Oct-18 06:00     02 06 47.12 +01 55 26.1  19.63 0.20262429203008  36.7070961 168.4168 /L   9.6276
2017-Oct-18 07:00     02 05 29.21 +01 57 30.6  19.63 0.20351089240448  36.9872082 168.6984 /L   9.3863
2017-Oct-18 08:00     02 04 11.98 +01 59 33.8  19.64 0.20440419000830  37.2638069 168.9729 /L   9.1511
2017-Oct-18 09:00     02 02 55.41 +02 01 35.8  19.64 0.20530410071723  37.5369264 169.2403 /L   8.9222
2017-Oct-18 10:00     02 01 39.51 +02 03 36.4  19.64 0.20621054123532  37.8066013 169.5001 /L   8.6998
2017-Oct-18 11:00     02 00 24.27 +02 05 35.9  19.64 0.20712342910321  38.0728666 169.7522 /L   8.4843
2017-Oct-18 12:00     01 59 09.69 +02 07 34.0  19.64 0.20804268270582  38.3357574 169.9962 /L   8.2756
2017-Oct-18 13:00     01 57 55.77 +02 09 31.0  19.65 0.20896822127868  38.5953093 170.2320 /L   8.0742
2017-Oct-18 14:00     01 56 42.49 +02 11 26.7  19.65 0.20989996491378  38.8515579 170.4591 /L   7.8802
2017-Oct-18 15:00     01 55 29.86 +02 13 21.2  19.65 0.21083783456423  39.1045392 170.6772 /L   7.6939
2017-Oct-18 16:00     01 54 17.86 +02 15 14.5  19.66 0.21178175204849  39.3542891 170.8861 /L   7.5155
2017-Oct-18 17:00     01 53 06.51 +02 17 06.6  19.66 0.21273164005352  39.6008438 171.0853 /L   7.3453
2017-Oct-18 18:00     01 51 55.79 +02 18 57.5  19.67 0.21368742213735  39.8442395 171.2746 /L   7.1836
2017-Oct-18 19:00     01 50 45.69 +02 20 47.2  19.67 0.21464902273084  40.0845126 171.4536 /L   7.0306
2017-Oct-18 20:00     01 49 36.22 +02 22 35.8  19.68 0.21561636713888  40.3216994 171.6220 /L   6.8865
2017-Oct-18 21:00     01 48 27.37 +02 24 23.2  19.68 0.21658938154098  40.5558362 171.7794 /L   6.7517
2017-Oct-18 22:00     01 47 19.13 +02 26 09.4  19.69 0.21756799299093  40.7869593 171.9255 /L   6.6264
2017-Oct-18 23:00     01 46 11.50 +02 27 54.5  19.69 0.21855212941636  41.0151051 172.0601 /L   6.5108
2017-Oct-19 00:00     01 45 04.47 +02 29 38.5  19.70 0.21954171961737  41.2403098 172.1828 /L   6.4050
2017-Oct-19 01:00     01 43 58.04 +02 31 21.3  19.71 0.22053669326476  41.4626095 172.2934 /L   6.3093
2017-Oct-19 02:00     01 42 52.21 +02 33 03.1  19.71 0.22153698089775  41.6820402 172.3916 /L   6.2239
2017-Oct-19 03:00     01 41 46.97 +02 34 43.7  19.72 0.22254251392133  41.8986379 172.4774 /L   6.1488
2017-Oct-19 04:00     01 40 42.31 +02 36 23.3  19.73 0.22355322460287  42.1124383 172.5507 /L   6.0840
2017-Oct-19 05:00     01 39 38.24 +02 38 01.8  19.74 0.22456904606872  42.3234770 172.6112 /L   6.0297
2017-Oct-19 06:00     01 38 34.73 +02 39 39.2  19.75 0.22558991230009  42.5317896 172.6591 /L   5.9858
2017-Oct-19 07:00     01 37 31.80 +02 41 15.6  19.76 0.22661575812864  42.7374112 172.6944 /L   5.9523
2017-Oct-19 08:00     01 36 29.44 +02 42 50.9  19.77 0.22764651923176  42.9403769 172.7172 /L   5.9289
2017-Oct-19 09:00     01 35 27.64 +02 44 25.2  19.78 0.22868213212743  43.1407214 172.7277 /T   5.9156
2017-Oct-19 10:00     01 34 26.39 +02 45 58.5  19.79 0.22972253416899  43.3384795 172.7262 /T   5.9121
2017-Oct-19 11:00     01 33 25.69 +02 47 30.7  19.80 0.23076766353935  43.5336855 172.7128 /T   5.9182
2017-Oct-19 12:00     01 32 25.54 +02 49 02.0  19.82 0.23181745924492  43.7263734 172.6879 /T   5.9335
2017-Oct-19 13:00     01 31 25.93 +02 50 32.3  19.83 0.23287186110968  43.9165771 172.6520 /T   5.9578
2017-Oct-19 14:00     01 30 26.86 +02 52 01.6  19.84 0.23393080976853  44.1043302 172.6055 /T   5.9906
2017-Oct-19 15:00     01 29 28.31 +02 53 29.9  19.86 0.23499424666066  44.2896660 172.5487 /T   6.0316
2017-Oct-19 16:00     01 28 30.30 +02 54 57.3  19.87 0.23606211402284  44.4726174 172.4823 /T   6.0804
2017-Oct-19 17:00     01 27 32.81 +02 56 23.7  19.88 0.23713435488211  44.6532172 172.4066 /T   6.1365
2017-Oct-19 18:00     01 26 35.83 +02 57 49.2  19.90 0.23821091304889  44.8314977 172.3222 /T   6.1995
2017-Oct-19 19:00     01 25 39.36 +02 59 13.7  19.91 0.23929173310930  45.0074911 172.2296 /T   6.2690
2017-Oct-19 20:00     01 24 43.41 +03 00 37.4  19.93 0.24037676041794  45.1812291 172.1293 /T   6.3446
2017-Oct-19 21:00     01 23 47.95 +03 02 00.1  19.95 0.24146594109003  45.3527432 172.0217 /T   6.4258
2017-Oct-19 22:00     01 22 52.99 +03 03 22.0  19.96 0.24255922199380  45.5220645 171.9075 /T   6.5122
2017-Oct-19 23:00     01 21 58.53 +03 04 43.0  19.98 0.24365655074251  45.6892238 171.7870 /T   6.6035
2017-Oct-20 00:00     01 21 04.55 +03 06 03.1  19.99 0.24475787568672  45.8542516 171.6608 /T   6.6993
2017-Oct-20 01:00     01 20 11.06 +03 07 22.3  20.01 0.24586314590597  46.0171781 171.5292 /T   6.7991
2017-Oct-20 02:00     01 19 18.04 +03 08 40.7  20.03 0.24697231120102  46.1780329 171.3927 /T   6.9027
2017-Oct-20 03:00     01 18 25.50 +03 09 58.2  20.04 0.24808532208537  46.3368457 171.2516 /T   7.0097
2017-Oct-20 04:00     01 17 33.43 +03 11 14.9  20.06 0.24920212977743  46.4936454 171.1064 /T   7.1198
2017-Oct-20 05:00     01 16 41.82 +03 12 30.8  20.08 0.25032268619183  46.6484610 170.9574 /T   7.2328
2017-Oct-20 06:00     01 15 50.67 +03 13 45.9  20.09 0.25144694393159  46.8013207 170.8050 /T   7.3482
2017-Oct-20 07:00     01 14 59.98 +03 15 00.2  20.11 0.25257485627951  46.9522527 170.6494 /T   7.4660
2017-Oct-20 08:00     01 14 09.74 +03 16 13.6  20.13 0.25370637719007  47.1012848 170.4910 /T   7.5858
2017-Oct-20 09:00     01 13 19.94 +03 17 26.3  20.14 0.25484146128091  47.2484443 170.3300 /T   7.7074
2017-Oct-20 10:00     01 12 30.59 +03 18 38.3  20.16 0.25598006382472  47.3937583 170.1666 /T   7.8306
2017-Oct-20 11:00     01 11 41.67 +03 19 49.4  20.18 0.25712214074083  47.5372534 170.0012 /T   7.9553
2017-Oct-20 12:00     01 10 53.19 +03 20 59.8  20.19 0.25826764858672  47.6789561 169.8339 /T   8.0812
2017-Oct-20 13:00     01 10 05.14 +03 22 09.5  20.21 0.25941654455016  47.8188923 169.6649 /T   8.2081
2017-Oct-20 14:00     01 09 17.51 +03 23 18.4  20.23 0.26056878644050  47.9570878 169.4945 /T   8.3360
2017-Oct-20 15:00     01 08 30.30 +03 24 26.6  20.24 0.26172433268078  48.0935678 169.3227 /T   8.4647
2017-Oct-20 16:00     01 07 43.51 +03 25 34.1  20.26 0.26288314229926  48.2283573 169.1499 /T   8.5940
2017-Oct-20 17:00     01 06 57.12 +03 26 40.9  20.28 0.26404517492139  48.3614811 168.9760 /T   8.7238
2017-Oct-20 18:00     01 06 11.15 +03 27 47.0  20.29 0.26521039076173  48.4929633 168.8013 /T   8.8541
2017-Oct-20 19:00     01 05 25.58 +03 28 52.3  20.31 0.26637875061575  48.6228280 168.6259 /T   8.9846
2017-Oct-20 20:00     01 04 40.40 +03 29 57.0  20.33 0.26755021585188  48.7510989 168.4499 /T   9.1154
2017-Oct-20 21:00     01 03 55.63 +03 31 01.1  20.34 0.26872474840346  48.8777992 168.2734 /T   9.2463
2017-Oct-20 22:00     01 03 11.24 +03 32 04.4  20.36 0.26990231076085  49.0029520 168.0965 /T   9.3773
2017-Oct-20 23:00     01 02 27.24 +03 33 07.1  20.38 0.27108286596367  49.1265798 167.9193 /T   9.5082
2017-Oct-21 00:00     01 01 43.62 +03 34 09.2  20.39 0.27226637759280  49.2487051 167.7419 /T   9.6390
2017-Oct-21 01:00     01 01 00.38 +03 35 10.6  20.41 0.27345280976275  49.3693498 167.5644 /T   9.7697
2017-Oct-21 02:00     01 00 17.52 +03 36 11.4  20.43 0.27464212711404  49.4885357 167.3869 /T   9.9001
2017-Oct-21 03:00     00 59 35.02 +03 37 11.5  20.44 0.27583429480555  49.6062842 167.2094 /T  10.0303
2017-Oct-21 04:00     00 58 52.90 +03 38 11.1  20.46 0.27702927850680  49.7226162 167.0319 /T  10.1601
2017-Oct-21 05:00     00 58 11.13 +03 39 10.0  20.48 0.27822704439086  49.8375527 166.8546 /T  10.2896
2017-Oct-21 06:00     00 57 29.73 +03 40 08.4  20.49 0.27942755912664  49.9511140 166.6775 /T  10.4186
2017-Oct-21 07:00     00 56 48.68 +03 41 06.1  20.51 0.28063078987171  50.0633203 166.5007 /T  10.5472
2017-Oct-21 08:00     00 56 07.99 +03 42 03.3  20.52 0.28183670426502  50.1741914 166.3241 /T  10.6754
2017-Oct-21 09:00     00 55 27.64 +03 42 59.8  20.54 0.28304527041988  50.2837470 166.1479 /T  10.8030
2017-Oct-21 10:00     00 54 47.64 +03 43 55.8  20.56 0.28425645691663  50.3920063 165.9720 /T  10.9301
2017-Oct-21 11:00     00 54 07.98 +03 44 51.3  20.57 0.28547023279589  50.4989883 165.7966 /T  11.0566
2017-Oct-21 12:00     00 53 28.65 +03 45 46.2  20.59 0.28668656755136  50.6047117 165.6216 /T  11.1825
2017-Oct-21 13:00     00 52 49.66 +03 46 40.5  20.60 0.28790543112334  50.7091948 165.4470 /T  11.3078
2017-Oct-21 14:00     00 52 11.01 +03 47 34.3  20.62 0.28912679389165  50.8124559 165.2730 /T  11.4324
2017-Oct-21 15:00     00 51 32.67 +03 48 27.6  20.64 0.29035062666909  50.9145127 165.0995 /T  11.5564
2017-Oct-21 16:00     00 50 54.67 +03 49 20.3  20.65 0.29157690069483  51.0153830 164.9265 /T  11.6798
2017-Oct-21 17:00     00 50 16.98 +03 50 12.5  20.67 0.29280558762800  51.1150839 164.7541 /T  11.8024
2017-Oct-21 18:00     00 49 39.61 +03 51 04.2  20.68 0.29403665954103  51.2136325 164.5823 /T  11.9243
2017-Oct-21 19:00     00 49 02.55 +03 51 55.4  20.70 0.29527008891353  51.3110457 164.4111 /T  12.0456
2017-Oct-21 20:00     00 48 25.81 +03 52 46.1  20.71 0.29650584862587  51.4073399 164.2406 /T  12.1661
2017-Oct-21 21:00     00 47 49.37 +03 53 36.3  20.73 0.29774391195307  51.5025315 164.0707 /T  12.2858
2017-Oct-21 22:00     00 47 13.23 +03 54 26.0  20.74 0.29898425255881  51.5966364 163.9014 /T  12.4049
2017-Oct-21 23:00     00 46 37.40 +03 55 15.2  20.76 0.30022684448918  51.6896704 163.7328 /T  12.5231
2017-Oct-22 00:00     00 46 01.86 +03 56 03.9  20.77 0.30147166216693  51.7816492 163.5648 /T  12.6407
2017-Oct-22 01:00     00 45 26.62 +03 56 52.2  20.79 0.30271868038553  51.8725878 163.3976 /T  12.7574
2017-Oct-22 02:00     00 44 51.67 +03 57 40.0  20.80 0.30396787430347  51.9625015 163.2310 /T  12.8734
2017-Oct-22 03:00     00 44 17.01 +03 58 27.4  20.82 0.30521921943847  52.0514050 163.0652 /T  12.9886
2017-Oct-22 04:00     00 43 42.64 +03 59 14.3  20.83 0.30647269166210  52.1393129 162.9000 /T  13.1030
2017-Oct-22 05:00     00 43 08.54 +04 00 00.7  20.85 0.30772826719394  52.2262396 162.7356 /T  13.2167
2017-Oct-22 06:00     00 42 34.73 +04 00 46.7  20.86 0.30898592259635  52.3121991 162.5719 /T  13.3296
2017-Oct-22 07:00     00 42 01.20 +04 01 32.3  20.88 0.31024563476905  52.3972055 162.4089 /T  13.4417
2017-Oct-22 08:00     00 41 27.93 +04 02 17.5  20.89 0.31150738094383  52.4812724 162.2467 /T  13.5530
2017-Oct-22 09:00     00 40 54.94 +04 03 02.2  20.91 0.31277113867931  52.5644132 162.0852 /T  13.6635
2017-Oct-22 10:00     00 40 22.22 +04 03 46.5  20.92 0.31403688585589  52.6466413 161.9244 /T  13.7733
2017-Oct-22 11:00     00 39 49.76 +04 04 30.4  20.93 0.31530460067056  52.7279697 161.7643 /T  13.8822
2017-Oct-22 12:00     00 39 17.57 +04 05 13.8  20.95 0.31657426163215  52.8084113 161.6050 /T  13.9904
2017-Oct-22 13:00     00 38 45.63 +04 05 56.9  20.96 0.31784584755615  52.8879786 161.4465 /T  14.0978
2017-Oct-22 14:00     00 38 13.96 +04 06 39.6  20.98 0.31911933756006  52.9666842 161.2886 /T  14.2044
2017-Oct-22 15:00     00 37 42.53 +04 07 21.9  20.99 0.32039471105858  53.0445404 161.1316 /T  14.3102
2017-Oct-22 16:00     00 37 11.36 +04 08 03.8  21.01 0.32167194775894  53.1215591 160.9752 /T  14.4153
2017-Oct-22 17:00     00 36 40.44 +04 08 45.3  21.02 0.32295102765631  53.1977523 160.8196 /T  14.5195
2017-Oct-22 18:00     00 36 09.77 +04 09 26.4  21.03 0.32423193102921  53.2731316 160.6648 /T  14.6230
2017-Oct-22 19:00     00 35 39.34 +04 10 07.2  21.05 0.32551463843509  53.3477085 160.5107 /T  14.7258
2017-Oct-22 20:00     00 35 09.16 +04 10 47.6  21.06 0.32679913070591  53.4214944 160.3573 /T  14.8277
2017-Oct-22 21:00     00 34 39.21 +04 11 27.6  21.07 0.32808538894384  53.4945004 160.2046 /T  14.9290
2017-Oct-22 22:00     00 34 09.50 +04 12 07.3  21.09 0.32937339451694  53.5667375 160.0527 /T  15.0294
2017-Oct-22 23:00     00 33 40.02 +04 12 46.6  21.10 0.33066312905505  53.6382164 159.9016 /T  15.1291
2017-Oct-23 00:00     00 33 10.78 +04 13 25.5  21.12 0.33195457444560  53.7089478 159.7511 /T  15.2280
2017-Oct-23 01:00     00 32 41.77 +04 14 04.1  21.13 0.33324771282959  53.7789421 159.6014 /T  15.3262
2017-Oct-23 02:00     00 32 12.98 +04 14 42.4  21.14 0.33454252659755  53.8482096 159.4524 /T  15.4236
2017-Oct-23 03:00     00 31 44.42 +04 15 20.3  21.16 0.33583899838568  53.9167605 159.3042 /T  15.5203
2017-Oct-23 04:00     00 31 16.09 +04 15 57.9  21.17 0.33713711107190  53.9846047 159.1566 /T  15.6162
2017-Oct-23 05:00     00 30 47.97 +04 16 35.2  21.18 0.33843684777210  54.0517521 159.0098 /T  15.7115
2017-Oct-23 06:00     00 30 20.07 +04 17 12.2  21.20 0.33973819183641  54.1182122 158.8637 /T  15.8060
2017-Oct-23 07:00     00 29 52.39 +04 17 48.8  21.21 0.34104112684544  54.1839946 158.7183 /T  15.8997
2017-Oct-23 08:00     00 29 24.92 +04 18 25.1  21.22 0.34234563660673  54.2491087 158.5736 /T  15.9928
2017-Oct-23 09:00     00 28 57.67 +04 19 01.1  21.24 0.34365170515118  54.3135637 158.4296 /T  16.0851
2017-Oct-23 10:00     00 28 30.63 +04 19 36.8  21.25 0.34495931672948  54.3773686 158.2863 /T  16.1767
2017-Oct-23 11:00     00 28 03.79 +04 20 12.1  21.26 0.34626845580875  54.4405323 158.1437 /T  16.2676
2017-Oct-23 12:00     00 27 37.16 +04 20 47.2  21.27 0.34757910706908  54.5030637 158.0018 /T  16.3578
2017-Oct-23 13:00     00 27 10.73 +04 21 22.0  21.29 0.34889125540026  54.5649713 157.8606 /T  16.4473
2017-Oct-23 14:00     00 26 44.50 +04 21 56.5  21.30 0.35020488589833  54.6262638 157.7201 /T  16.5361
2017-Oct-23 15:00     00 26 18.48 +04 22 30.7  21.31 0.35151998386259  54.6869494 157.5802 /T  16.6242
2017-Oct-23 16:00     00 25 52.65 +04 23 04.6  21.33 0.35283653479230  54.7470364 157.4410 /T  16.7117
2017-Oct-23 17:00     00 25 27.02 +04 23 38.2  21.34 0.35415452438354  54.8065329 157.3025 /T  16.7984
2017-Oct-23 18:00     00 25 01.58 +04 24 11.5  21.35 0.35547393852615  54.8654470 157.1647 /T  16.8845
2017-Oct-23 19:00     00 24 36.33 +04 24 44.6  21.36 0.35679476330078  54.9237865 157.0275 /T  16.9699
2017-Oct-23 20:00     00 24 11.28 +04 25 17.4  21.38 0.35811698497581  54.9815591 156.8910 /T  17.0547
2017-Oct-23 21:00     00 23 46.41 +04 25 49.9  21.39 0.35944059000454  55.0387724 156.7552 /T  17.1388
2017-Oct-23 22:00     00 23 21.73 +04 26 22.1  21.40 0.36076556502215  55.0954340 156.6199 /T  17.2222
2017-Oct-23 23:00     00 22 57.23 +04 26 54.1  21.41 0.36209189684307  55.1515513 156.4854 /T  17.3050
2017-Oct-24 00:00     00 22 32.92 +04 27 25.9  21.43 0.36341957245812  55.2071315 156.3515 /T  17.3872
2017-Oct-24 01:00     00 22 08.78 +04 27 57.3  21.44 0.36474857903173  55.2621817 156.2182 /T  17.4687
2017-Oct-24 02:00     00 21 44.83 +04 28 28.5  21.45 0.36607890389932  55.3167092 156.0855 /T  17.5496
2017-Oct-24 03:00     00 21 21.05 +04 28 59.5  21.46 0.36741053456465  55.3707206 155.9535 /T  17.6298
2017-Oct-24 04:00     00 20 57.45 +04 29 30.2  21.47 0.36874345869709  55.4242230 155.8221 /T  17.7094
2017-Oct-24 05:00     00 20 34.03 +04 30 00.7  21.49 0.37007766412930  55.4772231 155.6913 /T  17.7884
2017-Oct-24 06:00     00 20 10.77 +04 30 30.9  21.50 0.37141313885454  55.5297274 155.5611 /T  17.8668
2017-Oct-24 07:00     00 19 47.69 +04 31 00.9  21.51 0.37274987102426  55.5817425 155.4316 /T  17.9446
2017-Oct-24 08:00     00 19 24.77 +04 31 30.7  21.52 0.37408784894569  55.6332748 155.3026 /T  18.0218
2017-Oct-24 09:00     00 19 02.03 +04 32 00.2  21.53 0.37542706107930  55.6843307 155.1743 /T  18.0983
2017-Oct-24 10:00     00 18 39.44 +04 32 29.5  21.55 0.37676749603671  55.7349163 155.0465 /T  18.1743
2017-Oct-24 11:00     00 18 17.03 +04 32 58.5  21.56 0.37810914257817  55.7850378 154.9194 /T  18.2497
2017-Oct-24 12:00     00 17 54.77 +04 33 27.3  21.57 0.37945198961040  55.8347013 154.7928 /T  18.3245
2017-Oct-24 13:00     00 17 32.68 +04 33 56.0  21.58 0.38079602618421  55.8839127 154.6668 /T  18.3987
2017-Oct-24 14:00     00 17 10.75 +04 34 24.3  21.59 0.38214124149249  55.9326778 154.5414 /T  18.4724
2017-Oct-24 15:00     00 16 48.97 +04 34 52.5  21.60 0.38348762486794  55.9810024 154.4166 /T  18.5454
2017-Oct-24 16:00     00 16 27.35 +04 35 20.5  21.62 0.38483516578101  56.0288922 154.2923 /T  18.6179
2017-Oct-24 17:00     00 16 05.89 +04 35 48.2  21.63 0.38618385383764  56.0763528 154.1686 /T  18.6899
2017-Oct-24 18:00     00 15 44.58 +04 36 15.8  21.64 0.38753367877743  56.1233897 154.0454 /T  18.7613
2017-Oct-24 19:00     00 15 23.42 +04 36 43.1  21.65 0.38888463047150  56.1700083 153.9229 /T  18.8321
2017-Oct-24 20:00     00 15 02.42 +04 37 10.2  21.66 0.39023669892056  56.2162140 153.8008 /T  18.9024
2017-Oct-24 21:00     00 14 41.56 +04 37 37.1  21.67 0.39158987425277  56.2620120 153.6794 /T  18.9721
2017-Oct-24 22:00     00 14 20.85 +04 38 03.8  21.68 0.39294414672213  56.3074075 153.5584 /T  19.0413
2017-Oct-24 23:00     00 14 00.29 +04 38 30.4  21.70 0.39429950670637  56.3524056 153.4380 /T  19.1100
2017-Oct-25 00:00     00 13 39.87 +04 38 56.7  21.71 0.39565594470506  56.3970114 153.3182 /T  19.1781
2017-Oct-25 01:00     00 13 19.60 +04 39 22.8  21.72 0.39701345133797  56.4412297 153.1988 /T  19.2457
2017-Oct-25 02:00     00 12 59.46 +04 39 48.8  21.73 0.39837201734317  56.4850656 153.0800 /T  19.3128
2017-Oct-25 03:00     00 12 39.48 +04 40 14.5  21.74 0.39973163357513  56.5285237 152.9618 /T  19.3794
2017-Oct-25 04:00     00 12 19.63 +04 40 40.1  21.75 0.40109229100325  56.5716089 152.8440 /T  19.4455
2017-Oct-25 05:00     00 11 59.91 +04 41 05.4  21.76 0.40245398070998  56.6143258 152.7268 /T  19.5110
2017-Oct-25 06:00     00 11 40.34 +04 41 30.6  21.77 0.40381669388907  56.6566789 152.6100 /T  19.5761
2017-Oct-25 07:00     00 11 20.90 +04 41 55.7  21.78 0.40518042184416  56.6986729 152.4938 /T  19.6406
2017-Oct-25 08:00     00 11 01.60 +04 42 20.5  21.80 0.40654515598684  56.7403121 152.3781 /T  19.7046
2017-Oct-25 09:00     00 10 42.43 +04 42 45.2  21.81 0.40791088783536  56.7816010 152.2629 /T  19.7682
2017-Oct-25 10:00     00 10 23.40 +04 43 09.6  21.82 0.40927760901288  56.8225439 152.1481 /T  19.8313
2017-Oct-25 11:00     00 10 04.49 +04 43 34.0  21.83 0.41064531124585  56.8631450 152.0339 /T  19.8939
2017-Oct-25 12:00     00 09 45.72 +04 43 58.1  21.84 0.41201398636273  56.9034086 151.9201 /T  19.9560
2017-Oct-25 13:00     00 09 27.07 +04 44 22.1  21.85 0.41338362629221  56.9433388 151.8069 /T  20.0176
2017-Oct-25 14:00     00 09 08.55 +04 44 45.9  21.86 0.41475422306199  56.9829397 151.6941 /T  20.0788
2017-Oct-25 15:00     00 08 50.16 +04 45 09.5  21.87 0.41612576879723  57.0222153 151.5818 /T  20.1394
2017-Oct-25 16:00     00 08 31.90 +04 45 33.0  21.88 0.41749825571896  57.0611696 151.4699 /T  20.1997
2017-Oct-25 17:00     00 08 13.76 +04 45 56.3  21.89 0.41887167614304  57.0998064 151.3586 /T  20.2594
2017-Oct-25 18:00     00 07 55.74 +04 46 19.5  21.90 0.42024602247835  57.1381297 151.2477 /T  20.3188
2017-Oct-25 19:00     00 07 37.84 +04 46 42.5  21.91 0.42162128722589  57.1761431 151.1372 /T  20.3776
2017-Oct-25 20:00     00 07 20.07 +04 47 05.3  21.92 0.42299746297698  57.2138506 151.0272 /T  20.4360
2017-Oct-25 21:00     00 07 02.41 +04 47 28.0  21.93 0.42437454241238  57.2512556 150.9177 /T  20.4940
2017-Oct-25 22:00     00 06 44.87 +04 47 50.6  21.94 0.42575251830061  57.2883619 150.8086 /T  20.5515
2017-Oct-25 23:00     00 06 27.46 +04 48 13.0  21.96 0.42713138349705  57.3251730 150.7000 /T  20.6086
2017-Oct-26 00:00     00 06 10.16 +04 48 35.2  21.97 0.42851113094233  57.3616925 150.5918 /T  20.6653
2017-Oct-26 01:00     00 05 52.97 +04 48 57.3  21.98 0.42989175366143  57.3979238 150.4840 /T  20.7215
2017-Oct-26 02:00     00 05 35.90 +04 49 19.2  21.99 0.43127324476216  57.4338704 150.3767 /T  20.7773
2017-Oct-26 03:00     00 05 18.94 +04 49 41.0  22.00 0.43265559743431  57.4695356 150.2698 /T  20.8327
2017-Oct-26 04:00     00 05 02.10 +04 50 02.7  22.01 0.43403880494808  57.5049228 150.1634 /T  20.8876
2017-Oct-26 05:00     00 04 45.36 +04 50 24.2  22.02 0.43542286065336  57.5400352 150.0573 /T  20.9422
2017-Oct-26 06:00     00 04 28.74 +04 50 45.6  22.03 0.43680775797816  57.5748760 149.9517 /T  20.9963
2017-Oct-26 07:00     00 04 12.23 +04 51 06.9  22.04 0.43819349042793  57.6094485 149.8465 /T  21.0500
2017-Oct-26 08:00     00 03 55.83 +04 51 28.0  22.05 0.43958005158404  57.6437559 149.7418 /T  21.1033
2017-Oct-26 09:00     00 03 39.53 +04 51 48.9  22.06 0.44096743510310  57.6778011 149.6374 /T  21.1562
2017-Oct-26 10:00     00 03 23.34 +04 52 09.8  22.07 0.44235563471551  57.7115873 149.5334 /T  21.2087
2017-Oct-26 11:00     00 03 07.26 +04 52 30.5  22.08 0.44374464422479  57.7451174 149.4299 /T  21.2609
2017-Oct-26 12:00     00 02 51.29 +04 52 51.1  22.09 0.44513445750624  57.7783944 149.3267 /T  21.3126
2017-Oct-26 13:00     00 02 35.41 +04 53 11.5  22.10 0.44652506850605  57.8114213 149.2240 /T  21.3639
2017-Oct-26 14:00     00 02 19.65 +04 53 31.8  22.11 0.44791647124044  57.8442010 149.1216 /T  21.4149
2017-Oct-26 15:00     00 02 03.98 +04 53 52.0  22.12 0.44930865979439  57.8767362 149.0197 /T  21.4655
2017-Oct-26 16:00     00 01 48.41 +04 54 12.1  22.13 0.45070162832097  57.9090298 148.9181 /T  21.5156
2017-Oct-26 17:00     00 01 32.95 +04 54 32.0  22.14 0.45209537104018  57.9410846 148.8169 /T  21.5655
2017-Oct-26 18:00     00 01 17.59 +04 54 51.9  22.15 0.45348988223803  57.9729032 148.7161 /T  21.6149
2017-Oct-26 19:00     00 01 02.32 +04 55 11.6  22.16 0.45488515626586  58.0044884 148.6157 /T  21.6640
2017-Oct-26 20:00     00 00 47.15 +04 55 31.1  22.17 0.45628118753905  58.0358429 148.5156 /T  21.7127
2017-Oct-26 21:00     00 00 32.09 +04 55 50.6  22.18 0.45767797053653  58.0669691 148.4160 /T  21.7610
2017-Oct-26 22:00     00 00 17.11 +04 56 10.0  22.18 0.45907549979956  58.0978698 148.3167 /T  21.8090
2017-Oct-26 23:00     00 00 02.24 +04 56 29.2  22.19 0.46047376993101  58.1285474 148.2177 /T  21.8566
2017-Oct-27 00:00     23 59 47.45 +04 56 48.3  22.20 0.46187277559468  58.1590045 148.1192 /T  21.9039
2017-Oct-27 01:00     23 59 32.77 +04 57 07.3  22.21 0.46327251151412  58.1892435 148.0210 /T  21.9508
2017-Oct-27 02:00     23 59 18.17 +04 57 26.2  22.22 0.46467297247203  58.2192669 147.9231 /T  21.9974
2017-Oct-27 03:00     23 59 03.67 +04 57 45.0  22.23 0.46607415330950  58.2490771 147.8257 /T  22.0436
2017-Oct-27 04:00     23 58 49.26 +04 58 03.7  22.24 0.46747604892503  58.2786765 147.7285 /T  22.0895
2017-Oct-27 05:00     23 58 34.94 +04 58 22.2  22.25 0.46887865427378  58.3080673 147.6318 /T  22.1350
2017-Oct-27 06:00     23 58 20.72 +04 58 40.7  22.26 0.47028196436703  58.3372520 147.5353 /T  22.1802
2017-Oct-27 07:00     23 58 06.58 +04 58 59.0  22.27 0.47168597427107  58.3662327 147.4392 /T  22.2250
2017-Oct-27 08:00     23 57 52.53 +04 59 17.3  22.28 0.47309067910666  58.3950118 147.3435 /T  22.2696
2017-Oct-27 09:00     23 57 38.57 +04 59 35.4  22.29 0.47449607404835  58.4235914 147.2481 /T  22.3138
2017-Oct-27 10:00     23 57 24.69 +04 59 53.5  22.30 0.47590215432355  58.4519738 147.1531 /T  22.3576
2017-Oct-27 11:00     23 57 10.91 +05 00 11.4  22.31 0.47730891521196  58.4801610 147.0583 /T  22.4012
2017-Oct-27 12:00     23 56 57.21 +05 00 29.2  22.32 0.47871635204477  58.5081553 146.9639 /T  22.4444
2017-Oct-27 13:00     23 56 43.59 +05 00 47.0  22.33 0.48012446020418  58.5359587 146.8699 /T  22.4873
2017-Oct-27 14:00     23 56 30.06 +05 01 04.6  22.34 0.48153323512243  58.5635732 146.7762 /T  22.5299
2017-Oct-27 15:00     23 56 16.61 +05 01 22.1  22.34 0.48294267228130  58.5910011 146.6828 /T  22.5722
2017-Oct-27 16:00     23 56 03.25 +05 01 39.6  22.35 0.48435276721136  58.6182441 146.5897 /T  22.6141
2017-Oct-27 17:00     23 55 49.97 +05 01 56.9  22.36 0.48576351549153  58.6453044 146.4969 /T  22.6558
2017-Oct-27 18:00     23 55 36.77 +05 02 14.2  22.37 0.48717491274813  58.6721839 146.4045 /T  22.6971
2017-Oct-27 19:00     23 55 23.65 +05 02 31.3  22.38 0.48858695465444  58.6988846 146.3123 /T  22.7382
2017-Oct-27 20:00     23 55 10.61 +05 02 48.4  22.39 0.48999963693003  58.7254083 146.2205 /T  22.7789
2017-Oct-27 21:00     23 54 57.66 +05 03 05.4  22.40 0.49141295534013  58.7517569 146.1290 /T  22.8194
2017-Oct-27 22:00     23 54 44.78 +05 03 22.2  22.41 0.49282690569517  58.7779324 146.0378 /T  22.8595
2017-Oct-27 23:00     23 54 31.98 +05 03 39.0  22.42 0.49424148384994  58.8039365 145.9470 /T  22.8994
2017-Oct-28 00:00     23 54 19.26 +05 03 55.7  22.43 0.49565668570319  58.8297710 145.8564 /T  22.9389
2017-Oct-28 01:00     23 54 06.62 +05 04 12.3  22.43 0.49707250719696  58.8554378 145.7661 /T  22.9782
2017-Oct-28 02:00     23 53 54.05 +05 04 28.9  22.44 0.49848894431604  58.8809385 145.6761 /T  23.0172
2017-Oct-28 03:00     23 53 41.56 +05 04 45.3  22.45 0.49990599308755  58.9062751 145.5864 /T  23.0558
2017-Oct-28 04:00     23 53 29.15 +05 05 01.7  22.46 0.50132364958011  58.9314490 145.4970 /T  23.0943
2017-Oct-28 05:00     23 53 16.81 +05 05 17.9  22.47 0.50274190990351  58.9564622 145.4079 /T  23.1324
2017-Oct-28 06:00     23 53 04.54 +05 05 34.1  22.48 0.50416077020811  58.9813162 145.3191 /T  23.1702
2017-Oct-28 07:00     23 52 52.35 +05 05 50.2  22.49 0.50558022668432  59.0060127 145.2306 /T  23.2078
2017-Oct-28 08:00     23 52 40.24 +05 06 06.3  22.50 0.50700027556206  59.0305533 145.1424 /T  23.2451
2017-Oct-28 09:00     23 52 28.19 +05 06 22.2  22.50 0.50842091311028  59.0549396 145.0544 /T  23.2821
2017-Oct-28 10:00     23 52 16.22 +05 06 38.1  22.51 0.50984213563653  59.0791733 144.9668 /T  23.3189
2017-Oct-28 11:00     23 52 04.32 +05 06 53.8  22.52 0.51126393948628  59.1032559 144.8794 /T  23.3554
2017-Oct-28 12:00     23 51 52.49 +05 07 09.5  22.53 0.51268632104256  59.1271889 144.7923 /T  23.3916
2017-Oct-28 13:00     23 51 40.73 +05 07 25.2  22.54 0.51410927672548  59.1509739 144.7054 /T  23.4276
2017-Oct-28 14:00     23 51 29.04 +05 07 40.7  22.55 0.51553280299171  59.1746124 144.6189 /T  23.4632
2017-Oct-28 15:00     23 51 17.42 +05 07 56.2  22.56 0.51695689633405  59.1981059 144.5326 /T  23.4987
2017-Oct-28 16:00     23 51 05.87 +05 08 11.6  22.56 0.51838155328095  59.2214558 144.4466 /T  23.5339
2017-Oct-28 17:00     23 50 54.39 +05 08 26.9  22.57 0.51980677039607  59.2446636 144.3608 /T  23.5688
2017-Oct-28 18:00     23 50 42.98 +05 08 42.1  22.58 0.52123254427782  59.2677308 144.2753 /T  23.6034
2017-Oct-28 19:00     23 50 31.63 +05 08 57.3  22.59 0.52265887155894  59.2906587 144.1901 /T  23.6379
2017-Oct-28 20:00     23 50 20.35 +05 09 12.4  22.60 0.52408574890606  59.3134488 144.1051 /T  23.6720
2017-Oct-28 21:00     23 50 09.14 +05 09 27.4  22.61 0.52551317301925  59.3361025 144.0204 /T  23.7059
2017-Oct-28 22:00     23 49 57.99 +05 09 42.4  22.62 0.52694114063163  59.3586210 143.9360 /T  23.7396
2017-Oct-28 23:00     23 49 46.91 +05 09 57.3  22.62 0.52836964850896  59.3810058 143.8518 /T  23.7730
2017-Oct-29 00:00     23 49 35.89 +05 10 12.1  22.63 0.52979869344915  59.4032582 143.7679 /T  23.8062
2017-Oct-29 01:00     23 49 24.94 +05 10 26.8  22.64 0.53122827228206  59.4253795 143.6842 /T  23.8392
2017-Oct-29 02:00     23 49 14.05 +05 10 41.5  22.65 0.53265838186886  59.4473710 143.6008 /T  23.8719
2017-Oct-29 03:00     23 49 03.22 +05 10 56.1  22.66 0.53408901910178  59.4692339 143.5176 /T  23.9043
2017-Oct-29 04:00     23 48 52.46 +05 11 10.7  22.67 0.53552018090368  59.4909696 143.4347 /T  23.9366
2017-Oct-29 05:00     23 48 41.76 +05 11 25.1  22.67 0.53695186422774  59.5125793 143.3520 /T  23.9686
2017-Oct-29 06:00     23 48 31.12 +05 11 39.5  22.68 0.53838406605691  59.5340642 143.2695 /T  24.0003
2017-Oct-29 07:00     23 48 20.55 +05 11 53.9  22.69 0.53981678340378  59.5554256 143.1873 /T  24.0319
2017-Oct-29 08:00     23 48 10.03 +05 12 08.2  22.70 0.54125001331006  59.5766646 143.1054 /T  24.0632
2017-Oct-29 09:00     23 47 59.58 +05 12 22.4  22.71 0.54268375284626  59.5977825 143.0236 /T  24.0942
2017-Oct-29 10:00     23 47 49.19 +05 12 36.5  22.71 0.54411799911135  59.6187803 142.9421 /T  24.1251
2017-Oct-29 11:00     23 47 38.85 +05 12 50.6  22.72 0.54555274923239  59.6396594 142.8609 /T  24.1557
2017-Oct-29 12:00     23 47 28.58 +05 13 04.6  22.73 0.54698800036421  59.6604208 142.7799 /T  24.1861
2017-Oct-29 13:00     23 47 18.36 +05 13 18.6  22.74 0.54842374968905  59.6810656 142.6991 /T  24.2163
2017-Oct-29 14:00     23 47 08.21 +05 13 32.5  22.75 0.54985999441624  59.7015950 142.6185 /T  24.2463
2017-Oct-29 15:00     23 46 58.11 +05 13 46.4  22.75 0.55129673178188  59.7220101 142.5382 /T  24.2761
2017-Oct-29 16:00     23 46 48.07 +05 14 00.1  22.76 0.55273395904852  59.7423120 142.4581 /T  24.3056
2017-Oct-29 17:00     23 46 38.08 +05 14 13.9  22.77 0.55417167350479  59.7625017 142.3782 /T  24.3349
2017-Oct-29 18:00     23 46 28.16 +05 14 27.5  22.78 0.55560987246516  59.7825804 142.2985 /T  24.3641
2017-Oct-29 19:00     23 46 18.28 +05 14 41.1  22.79 0.55704855326958  59.8025490 142.2191 /T  24.3930
2017-Oct-29 20:00     23 46 08.47 +05 14 54.7  22.79 0.55848771328324  59.8224086 142.1399 /T  24.4217
2017-Oct-29 21:00     23 45 58.71 +05 15 08.2  22.80 0.55992734989608  59.8421603 142.0609 /T  24.4501
2017-Oct-29 22:00     23 45 49.01 +05 15 21.6  22.81 0.56136746052276  59.8618050 141.9821 /T  24.4784
2017-Oct-29 23:00     23 45 39.36 +05 15 35.0  22.82 0.56280804260222  59.8813438 141.9036 /T  24.5065
2017-Oct-30 00:00     23 45 29.76 +05 15 48.3  22.83 0.56424909359738  59.9007776 141.8252 /T  24.5344
2017-Oct-30 01:00     23 45 20.22 +05 16 01.6  22.83 0.56569061099491  59.9201075 141.7471 /T  24.5621
2017-Oct-30 02:00     23 45 10.74 +05 16 14.8  22.84 0.56713259230490  59.9393344 141.6692 /T  24.5895
2017-Oct-30 03:00     23 45 01.30 +05 16 28.0  22.85 0.56857503506069  59.9584592 141.5914 /T  24.6168
2017-Oct-30 04:00     23 44 51.92 +05 16 41.1  22.86 0.57001793681834  59.9774830 141.5139 /T  24.6439
2017-Oct-30 05:00     23 44 42.60 +05 16 54.1  22.86 0.57146129515672  59.9964066 141.4366 /T  24.6708
2017-Oct-30 06:00     23 44 33.32 +05 17 07.2  22.87 0.57290510767697  60.0152309 141.3595 /T  24.6975
2017-Oct-30 07:00     23 44 24.10 +05 17 20.1  22.88 0.57434937200237  60.0339570 141.2827 /T  24.7240
2017-Oct-30 08:00     23 44 14.93 +05 17 33.0  22.89 0.57579408577803  60.0525856 141.2060 /T  24.7503
2017-Oct-30 09:00     23 44 05.80 +05 17 45.9  22.90 0.57723924667069  60.0711176 141.1295 /T  24.7764
2017-Oct-30 10:00     23 43 56.73 +05 17 58.7  22.90 0.57868485236830  60.0895541 141.0532 /T  24.8023
2017-Oct-30 11:00     23 43 47.71 +05 18 11.4  22.91 0.58013090058004  60.1078957 140.9771 /T  24.8281
2017-Oct-30 12:00     23 43 38.75 +05 18 24.1  22.92 0.58157738903588  60.1261435 140.9012 /T  24.8536
2017-Oct-30 13:00     23 43 29.83 +05 18 36.8  22.93 0.58302431548641  60.1442982 140.8255 /T  24.8790
2017-Oct-30 14:00     23 43 20.95 +05 18 49.4  22.93 0.58447167770265  60.1623607 140.7500 /T  24.9042
2017-Oct-30 15:00     23 43 12.13 +05 19 01.9  22.94 0.58591947347559  60.1803317 140.6747 /T  24.9292
2017-Oct-30 16:00     23 43 03.36 +05 19 14.4  22.95 0.58736770061628  60.1982123 140.5996 /T  24.9540
2017-Oct-30 17:00     23 42 54.64 +05 19 26.9  22.96 0.58881635695540  60.2160030 140.5247 /T  24.9786
2017-Oct-30 18:00     23 42 45.96 +05 19 39.3  22.96 0.59026544034315  60.2337048 140.4499 /T  25.0031
2017-Oct-30 19:00     23 42 37.33 +05 19 51.7  22.97 0.59171494864880  60.2513185 140.3754 /T  25.0274
2017-Oct-30 20:00     23 42 28.75 +05 20 04.0  22.98 0.59316487976078  60.2688448 140.3010 /T  25.0515
2017-Oct-30 21:00     23 42 20.21 +05 20 16.3  22.99 0.59461523158633  60.2862845 140.2269 /T  25.0755
2017-Oct-30 22:00     23 42 11.73 +05 20 28.5  22.99 0.59606600205114  60.3036384 140.1529 /T  25.0992
2017-Oct-30 23:00     23 42 03.29 +05 20 40.7  23.00 0.59751718909940  60.3209072 140.0791 /T  25.1228
2017-Oct-31 00:00     23 41 54.89 +05 20 52.8  23.01 0.59896879069344  60.3380918 140.0055 /T  25.1462