2017 10 25.9778,NOT,B,23.53,0.12,23.83
2017 10 25.9799,NOT,B,23.10,0.12,23.40
2017 10 25.9813,NOT,B,23.25,0.12,23.55
2017 10 25.9924,NOT,B,23.08,0.12,23.38
2017 10 25.9937,NOT,B,22.86,0.12,23.16
2017 10 25.9951,NOT,B,22.95,0.12,23.25
2017 10 25.9972,NOT,V,22.07,0.07,22.37
2017 10 25.9993,NOT,V,21.75,0.10,22.05
2017 10 26.0007,NOT,V,22.18,0.10,22.48
2017 10 26.0028,NOT,R,21.54,0.10,21.84
2017 10 26.0042,NOT,R,21.38,0.10,21.68
2017 10 26.0063,NOT,R,21.58,0.10,21.88
2017 10 26.0076,NOT,R,21.34,0.10,21.64
2017 10 26.0097,NOT,R,21.42,0.10,21.72
2017 10 26.0111,NOT,R,21.21,0.10,21.51
2017 10 26.0132,NOT,R,21.39,0.10,21.69
2017 10 26.0146,NOT,R,21.24,0.10,21.54
2017 10 26.0167,NOT,R,21.17,0.10,21.47
2017 10 26.0181,NOT,R,21.22,0.10,21.52
2017 10 26.0229,NOT,R,21.18,0.10,21.48
2017 10 26.0250,NOT,R,21.17,0.10,21.47
2017 10 26.0264,NOT,V,21.75,0.10,22.05
2017 10 26.0285,NOT,V,21.69,0.10,21.99
2017 10 26.0299,NOT,V,21.68,0.10,21.98
2017 10 26.0326,NOT,B,22.63,0.12,22.93
2017 10 26.0340,NOT,B,22.46,0.12,22.76
2017 10 26.0354,NOT,B,22.71,0.12,23.01
2017 10 28.0937,WIYN,R,22.19,0.14,21.98
2017 10 28.0977,WIYN,R,22.40,0.16,22.19
2017 10 28.1016,WIYN,R,22.30,0.14,22.09
2017 10 28.1055,WIYN,R,22.56,0.17,22.35
2017 10 28.1094,WIYN,R,22.60,0.17,22.39
2017 10 28.1133,WIYN,R,23.07,0.27,22.86
2017 10 28.1172,WIYN,R,22.81,0.22,22.60
2017 10 28.1211,WIYN,R,23.43,0.37,23.21
2017 10 28.1445,WIYN,R,23.63,0.41,23.42
2017 10 28.1914,WIYN,R,22.93,0.23,22.72
2017 10 28.1992,WIYN,R,23.05,0.28,22.84
2017 10 28.2070,WIYN,R,22.46,0.15,22.25
2017 10 28.2109,WIYN,R,22.73,0.19,22.52
2017 10 28.2148,WIYN,R,22.11,0.11,21.90
2017 10 28.2187,WIYN,R,22.19,0.12,21.98
2017 10 28.2656,WIYN,R,22.69,0.22,22.48
2017 10 28.2695,WIYN,R,22.68,0.19,22.47
2017 10 28.2734,WIYN,R,22.90,0.24,22.69
2017 10 28.2891,WIYN,R,24.01,0.59,23.79
2017 10 29.9715,NOT,R,22.15,0.15,21.56
2017 10 30.0896,NOT,R,22.49,0.15,21.90
2017 10 30.0958,NOT,R,22.20,0.15,21.61